package net.spiralio.models;

public class MissingTextures {

    public final static int[][] colorless = new int[][]{{-1,-1,-1,-1,-1,-1,-1,-1,-1,-1,-1,-1,-1,-1,-1,-1},{-1,-1,-1,-1,-1,9544637,9544637,9544637,9544637,9544637,9544637,-1,-1,-1,-1,-1},{-1,-1,-1,9544637,9544637,16777215,16777215,16777215,16777215,16777215,16777215,9544637,9544637,-1,-1,-1},{-1,-1,9544637,16777215,16777215,14805231,16277079,16277079,16277079,16277079,14805231,16777215,16777215,9544637,-1,-1},{-1,-1,7240607,16777215,14805231,16277079,16277079,16277079,16277079,16277079,16277079,14805231,16777215,7240607,-1,-1},{-1,7240607,16777215,14805231,16053751,16000332,16000332,16053751,16053751,16000332,16000332,16053751,14805231,16777215,7240607,-1},{-1,7240607,16777215,14805231,16053751,16053751,16053751,16053751,16053751,16000332,16000332,16053751,14805231,16777215,7240607,-1},{-1,4936314,14805231,14805231,16053751,16053751,16053751,16053751,16000332,16000332,16000332,16053751,14805231,14805231,4936314,-1},{-1,4936314,11651036,14805231,14805231,16053751,16053751,16000332,16000332,16000332,16053751,14805231,14805231,11651036,4936314,-1},{-1,4936314,11651036,14805231,14805231,14805231,16053751,16000332,16000332,16053751,14805231,14805231,14805231,11651036,4936314,-1},{-1,4936314,11651036,11651036,14805231,14805231,14805231,14805231,14805231,14805231,14805231,14805231,11651036,11651036,4936314,-1},{-1,-1,4936314,11651036,11651036,11651036,14805231,16000332,16000332,14805231,11651036,11651036,11651036,4936314,-1,-1},{-1,-1,4936314,8492989,11651036,11651036,11651036,11473750,11473750,11651036,11651036,11651036,8492989,4936314,-1,-1},{-1,-1,-1,4936314,4936314,8492989,11651036,11651036,11651036,11651036,8492989,4936314,4936314,-1,-1,-1},{-1,-1,-1,-1,-1,4936314,4936314,4936314,4936314,4936314,4936314,-1,-1,-1,-1,-1},{-1,-1,-1,-1,-1,-1,-1,-1,-1,-1,-1,-1,-1,-1,-1,-1}};
    public final static int[][] black = new int[][]{{-1,-1,-1,-1,-1,-1,-1,-1,-1,-1,-1,-1,-1,-1,-1,-1},{-1,-1,-1,-1,-1,0,0,0,0,0,0,-1,-1,-1,-1,-1},{-1,-1,-1,0,0,4013373,4013373,4013373,4013373,4013373,4013373,0,0,-1,-1,-1},{-1,-1,0,4013373,4013373,2041389,16053751,16053751,16053751,16053751,2041389,4013373,4013373,0,-1,-1},{-1,-1,0,4013373,2041389,16053751,16053751,16053751,16053751,16053751,16053751,2041389,4013373,0,-1,-1},{-1,0,4013373,2041389,3289909,14805231,14805231,3289909,3289909,14805231,14805231,3289909,2041389,4013373,0,-1},{-1,0,4013373,2041389,3289909,3289909,3289909,3289909,3289909,14805231,14805231,3289909,2041389,4013373,0,-1},{-1,0,2041389,2041389,3289909,3289909,3289909,3289909,14805231,14805231,14805231,3289909,2041389,2041389,0,-1},{-1,0,1306,2041389,2041389,3289909,3289909,14805231,14805231,14805231,3289909,2041389,2041389,1306,0,-1},{-1,0,1306,2041389,2041389,2041389,3289909,14805231,14805231,3289909,2041389,2041389,2041389,1306,0,-1},{-1,0,1306,1306,2041389,2041389,2041389,2041389,2041389,2041389,2041389,2041389,1306,1306,0,-1},{-1,-1,0,1306,1306,1306,2041389,14805231,14805231,2041389,1306,1306,1306,0,-1,-1},{-1,-1,0,0,1306,1306,1306,11651036,11651036,1306,1306,1306,0,0,-1,-1},{-1,-1,-1,0,0,0,1306,1306,1306,1306,0,0,0,-1,-1,-1},{-1,-1,-1,-1,-1,0,0,0,0,0,0,-1,-1,-1,-1,-1},{-1,-1,-1,-1,-1,-1,-1,-1,-1,-1,-1,-1,-1,-1,-1,-1}};
    public final static int[][] blue = new int[][]{{-1,-1,-1,-1,-1,-1,-1,-1,-1,-1,-1,-1,-1,-1,-1,-1},{-1,-1,-1,-1,-1,26003,26003,26003,26003,26003,26003,-1,-1,-1,-1,-1},{-1,-1,-1,26003,26003,49621,49621,49621,49621,49621,49621,26003,26003,-1,-1,-1},{-1,-1,26003,49621,49621,43717,16053751,16053751,16053751,16053751,43717,49621,49621,26003,-1,-1},{-1,-1,15733,49621,43717,16053751,16053751,16053751,16053751,16053751,16053751,43717,49621,15733,-1,-1},{-1,15733,49621,43717,47053,14805231,14805231,47053,47053,14805231,14805231,47053,43717,49621,15733,-1},{-1,15733,49621,43717,47053,47053,47053,47053,47053,14805231,14805231,47053,43717,49621,15733,-1},{-1,5200,43717,43717,47053,47053,47053,47053,14805231,14805231,14805231,47053,43717,43717,5200,-1},{-1,5200,35250,43717,43717,47053,47053,14805231,14805231,14805231,47053,43717,43717,35250,5200,-1},{-1,5200,35250,43717,43717,43717,47053,14805231,14805231,47053,43717,43717,43717,35250,5200,-1},{-1,5200,35250,35250,43717,43717,43717,43717,43717,43717,43717,43717,35250,35250,5200,-1},{-1,-1,5200,35250,35250,35250,43717,14805231,14805231,43717,35250,35250,35250,5200,-1,-1},{-1,-1,5200,22931,35250,35250,35250,11651036,11651036,35250,35250,35250,22931,5200,-1,-1},{-1,-1,-1,5200,5200,22931,35250,35250,35250,35250,22931,5200,5200,-1,-1,-1},{-1,-1,-1,-1,-1,5200,5200,5200,5200,5200,5200,-1,-1,-1,-1,-1},{-1,-1,-1,-1,-1,-1,-1,-1,-1,-1,-1,-1,-1,-1,-1,-1}};
    public final static int[][] green = new int[][]{{-1,-1,-1,-1,-1,-1,-1,-1,-1,-1,-1,-1,-1,-1,-1,-1},{-1,-1,-1,-1,-1,30976,30976,30976,30976,30976,30976,-1,-1,-1,-1,-1},{-1,-1,-1,30976,30976,5821696,5821696,5821696,5821696,5821696,5821696,30976,30976,-1,-1,-1},{-1,-1,30976,5821696,5821696,3849728,16053751,16053751,16053751,16053751,3849728,5821696,5821696,30976,-1,-1},{-1,-1,20736,5821696,3849728,16053751,16053751,16053751,16053751,16053751,16053751,3849728,5821696,20736,-1,-1},{-1,20736,5821696,3849728,5098240,14805231,14805231,5098240,5098240,14805231,14805231,5098240,3849728,5821696,20736,-1},{-1,20736,5821696,3849728,5098240,5098240,5098240,5098240,5098240,14805231,14805231,5098240,3849728,5821696,20736,-1},{-1,10240,3849728,3849728,5098240,5098240,5098240,5098240,14805231,14805231,14805231,5098240,3849728,3849728,10240,-1},{-1,10240,695552,3849728,3849728,5098240,5098240,14805231,14805231,14805231,5098240,3849728,3849728,695552,10240,-1},{-1,10240,695552,3849728,3849728,3849728,5098240,14805231,14805231,5098240,3849728,3849728,3849728,695552,10240,-1},{-1,10240,695552,695552,3849728,3849728,3849728,3849728,3849728,3849728,3849728,3849728,695552,695552,10240,-1},{-1,-1,10240,695552,695552,695552,3849728,14805231,14805231,3849728,695552,695552,695552,10240,-1,-1},{-1,-1,10240,27904,695552,695552,695552,11651036,11651036,695552,695552,695552,27904,10240,-1,-1},{-1,-1,-1,10240,10240,27904,695552,695552,695552,695552,27904,10240,10240,-1,-1,-1},{-1,-1,-1,-1,-1,10240,10240,10240,10240,10240,10240,-1,-1,-1,-1,-1},{-1,-1,-1,-1,-1,-1,-1,-1,-1,-1,-1,-1,-1,-1,-1,-1}};
    public final static int[][] orange = new int[][]{{-1,-1,-1,-1,-1,-1,-1,-1,-1,-1,-1,-1,-1,-1,-1,-1},{-1,-1,-1,-1,-1,8988160,8988160,8988160,8988160,8988160,8988160,-1,-1,-1,-1,-1},{-1,-1,-1,8988160,8988160,16220697,16220697,16220697,16220697,16220697,16220697,8988160,8988160,-1,-1,-1},{-1,-1,8988160,16220697,16220697,14248713,16053751,16053751,16053751,16053751,14248713,16220697,16220697,8988160,-1,-1},{-1,-1,6684672,16220697,14248713,16053751,16053751,16053751,16053751,16053751,16053751,14248713,16220697,6684672,-1,-1},{-1,6684672,16220697,14248713,15497233,14805231,14805231,15497233,15497233,14805231,14805231,15497233,14248713,16220697,6684672,-1},{-1,6684672,16220697,14248713,15497233,15497233,15497233,15497233,15497233,14805231,14805231,15497233,14248713,16220697,6684672,-1},{-1,4390912,14248713,14248713,15497233,15497233,15497233,15497233,14805231,14805231,14805231,15497233,14248713,14248713,4390912,-1},{-1,4390912,11094528,14248713,14248713,15497233,15497233,14805231,14805231,14805231,15497233,14248713,14248713,11094528,4390912,-1},{-1,4390912,11094528,14248713,14248713,14248713,15497233,14805231,14805231,15497233,14248713,14248713,14248713,11094528,4390912,-1},{-1,4390912,11094528,11094528,14248713,14248713,14248713,14248713,14248713,14248713,14248713,14248713,11094528,11094528,4390912,-1},{-1,-1,4390912,11094528,11094528,11094528,14248713,14805231,14805231,14248713,11094528,11094528,11094528,4390912,-1,-1},{-1,-1,4390912,7936512,11094528,11094528,11094528,11651036,11651036,11094528,11094528,11094528,7936512,4390912,-1,-1},{-1,-1,-1,4390912,4390912,7936512,11094528,11094528,11094528,11094528,7936512,4390912,4390912,-1,-1,-1},{-1,-1,-1,-1,-1,4390912,4390912,4390912,4390912,4390912,4390912,-1,-1,-1,-1,-1},{-1,-1,-1,-1,-1,-1,-1,-1,-1,-1,-1,-1,-1,-1,-1,-1}};
    public final static int[][] purple = new int[][]{{-1,-1,-1,-1,-1,-1,-1,-1,-1,-1,-1,-1,-1,-1,-1,-1},{-1,-1,-1,-1,-1,4456595,4456595,4456595,4456595,4456595,4456595,-1,-1,-1,-1,-1},{-1,-1,-1,4456595,4456595,11665621,11665621,11665621,11665621,11665621,11665621,4456595,4456595,-1,-1,-1},{-1,-1,4456595,11665621,11665621,9699525,16053751,16053751,16053751,16053751,9699525,11665621,11665621,4456595,-1,-1},{-1,-1,2162805,11665621,9699525,16053751,16053751,16053751,16053751,16053751,16053751,9699525,11665621,2162805,-1,-1},{-1,2162805,11665621,9699525,10944717,14805231,14805231,10944717,10944717,14805231,14805231,10944717,9699525,11665621,2162805,-1},{-1,2162805,11665621,9699525,10944717,10944717,10944717,10944717,10944717,14805231,14805231,10944717,9699525,11665621,2162805,-1},{-1,80,9699525,9699525,10944717,10944717,10944717,10944717,14805231,14805231,14805231,10944717,9699525,9699525,80,-1},{-1,80,6553778,9699525,9699525,10944717,10944717,14805231,14805231,14805231,10944717,9699525,9699525,6553778,80,-1},{-1,80,6553778,9699525,9699525,9699525,10944717,14805231,14805231,10944717,9699525,9699525,9699525,6553778,80,-1},{-1,80,6553778,6553778,9699525,9699525,9699525,9699525,9699525,9699525,9699525,9699525,6553778,6553778,80,-1},{-1,-1,80,6553778,6553778,6553778,9699525,14805231,14805231,9699525,6553778,6553778,6553778,80,-1,-1},{-1,-1,80,3408019,6553778,6553778,6553778,11651036,11651036,6553778,6553778,6553778,3408019,80,-1,-1},{-1,-1,-1,80,80,3408019,6553778,6553778,6553778,6553778,3408019,80,80,-1,-1,-1},{-1,-1,-1,-1,-1,80,80,80,80,80,80,-1,-1,-1,-1,-1},{-1,-1,-1,-1,-1,-1,-1,-1,-1,-1,-1,-1,-1,-1,-1,-1}};
    public final static int[][] red = new int[][]{{-1,-1,-1,-1,-1,-1,-1,-1,-1,-1,-1,-1,-1,-1,-1,-1},{-1,-1,-1,-1,-1,7471104,7471104,7471104,7471104,7471104,7471104,-1,-1,-1,-1,-1},{-1,-1,-1,7471104,7471104,14695192,14695192,14695192,14695192,14695192,14695192,7471104,7471104,-1,-1,-1},{-1,-1,7471104,14695192,14695192,12723208,16053751,16053751,16053751,16053751,12723208,14695192,14695192,7471104,-1,-1},{-1,-1,5177344,14695192,12723208,16053751,16053751,16053751,16053751,16053751,16053751,12723208,14695192,5177344,-1,-1},{-1,5177344,14695192,12723208,13971728,14805231,14805231,13971728,13971728,14805231,14805231,13971728,12723208,14695192,5177344,-1},{-1,5177344,14695192,12723208,13971728,13971728,13971728,13971728,13971728,14805231,14805231,13971728,12723208,14695192,5177344,-1},{-1,2883584,12723208,12723208,13971728,13971728,13971728,13971728,14805231,14805231,14805231,13971728,12723208,12723208,2883584,-1},{-1,2883584,9569024,12723208,12723208,13971728,13971728,14805231,14805231,14805231,13971728,12723208,12723208,9569024,2883584,-1},{-1,2883584,9569024,12723208,12723208,12723208,13971728,14805231,14805231,13971728,12723208,12723208,12723208,9569024,2883584,-1},{-1,2883584,9569024,9569024,12723208,12723208,12723208,12723208,12723208,12723208,12723208,12723208,9569024,9569024,2883584,-1},{-1,-1,2883584,9569024,9569024,9569024,12723208,14805231,14805231,12723208,9569024,9569024,9569024,2883584,-1,-1},{-1,-1,2883584,6422528,9569024,9569024,9569024,11651036,11651036,9569024,9569024,9569024,6422528,2883584,-1,-1},{-1,-1,-1,2883584,2883584,6422528,9569024,9569024,9569024,9569024,6422528,2883584,2883584,-1,-1,-1},{-1,-1,-1,-1,-1,2883584,2883584,2883584,2883584,2883584,2883584,-1,-1,-1,-1,-1},{-1,-1,-1,-1,-1,-1,-1,-1,-1,-1,-1,-1,-1,-1,-1,-1}};
    public final static int[][] yellow = new int[][]{{-1,-1,-1,-1,-1,-1,-1,-1,-1,-1,-1,-1,-1,-1,-1,-1},{-1,-1,-1,-1,-1,16152576,16152576,16152576,16152576,16152576,16152576,-1,-1,-1,-1,-1},{-1,-1,-1,16152576,16152576,16700160,16700160,16700160,16700160,16700160,16700160,16152576,16152576,-1,-1,-1},{-1,-1,16152576,16700160,16700160,16563200,16053751,16053751,16053751,16053751,16563200,16700160,16700160,16152576,-1,-1},{-1,-1,11685888,16700160,16563200,16053751,16053751,16053751,16053751,16053751,16053751,16563200,16700160,11685888,-1,-1},{-1,11685888,16700160,16563200,16632064,14805231,14805231,16632064,16632064,14805231,14805231,16632064,16563200,16700160,11685888,-1},{-1,11685888,16700160,16563200,16632064,16632064,16632064,16632064,16632064,14805231,14805231,16632064,16563200,16700160,11685888,-1},{-1,7218688,16563200,16563200,16632064,16632064,16632064,16632064,14805231,14805231,14805231,16632064,16563200,16563200,7218688,-1},{-1,7218688,16358400,16563200,16563200,16632064,16632064,14805231,14805231,14805231,16632064,16563200,16563200,16358400,7218688,-1},{-1,7218688,16358400,16563200,16563200,16563200,16632064,14805231,14805231,16632064,16563200,16563200,16563200,16358400,7218688,-1},{-1,7218688,16358400,16358400,16563200,16563200,16563200,16563200,16563200,16563200,16563200,16563200,16358400,16358400,7218688,-1},{-1,-1,7218688,16358400,16358400,16358400,16563200,14805231,14805231,16563200,16358400,16358400,16358400,7218688,-1,-1},{-1,-1,7218688,14117888,16358400,16358400,16358400,11651036,11651036,16358400,16358400,16358400,14117888,7218688,-1,-1},{-1,-1,-1,7218688,7218688,14117888,16358400,16358400,16358400,16358400,14117888,7218688,7218688,-1,-1,-1},{-1,-1,-1,-1,-1,7218688,7218688,7218688,7218688,7218688,7218688,-1,-1,-1,-1,-1},{-1,-1,-1,-1,-1,-1,-1,-1,-1,-1,-1,-1,-1,-1,-1,-1}};

    public static int[][] getColor(String color) {

        if (color == null) return MissingTextures.colorless;

        if (color.equals("black")) return MissingTextures.black;
        if (color.equals("blue")) return MissingTextures.blue;
        if (color.equals("green")) return MissingTextures.green;
        if (color.equals("orange")) return MissingTextures.orange;
        if (color.equals("purple")) return MissingTextures.purple;
        if (color.equals("red")) return MissingTextures.red;
        if (color.equals("yellow")) return MissingTextures.yellow;
        return MissingTextures.colorless;
    }
}
